VERSION_4
PINHOLE
fu =  0.028751982753
fv =  0.028751982753
cu = -0.486471437127
cv = -0.491071843782
u_direction = 1  0  0
v_direction = 0  1  0
w_direction = 0  0  1
C = 0 0 0
R = 1 0 0 0 1 0 0 0 1
pitch = 1.0
TSAI
k1 = -0.094196634563
k2 =  0.115036424262
p1 = -0.000256622541
p2 = -0.000353613460
